9.999999999999999547e-07 4.865581297297974197e-07 1.000000000000000048e-04
9.999999999999999547e-07 4.865581297297974197e-07 1.668100537200059119e-04
9.999999999999999547e-07 4.865581297297974197e-07 2.782559402207125773e-04
9.999999999999999547e-07 4.865581297297974197e-07 4.641588833612777317e-04
9.999999999999999547e-07 4.865581297297974197e-07 7.742636826811269846e-04
9.999999999999999547e-07 4.865581297297974197e-07 1.291549665014883998e-03
9.999999999999999547e-07 4.865581297297974197e-07 2.154434690031882104e-03
9.999999999999999547e-07 4.865581297297974197e-07 3.593813663804625805e-03
9.999999999999999547e-07 4.865581297297974197e-07 5.994842503189408769e-03
9.999999999999999547e-07 4.865581297297974197e-07 1.000000000000000021e-02
9.999999999999999547e-07 7.935694754623370851e-07 1.000000000000000048e-04
9.999999999999999547e-07 7.935694754623370851e-07 1.668100537200059119e-04
9.999999999999999547e-07 7.935694754623370851e-07 2.782559402207125773e-04
9.999999999999999547e-07 7.935694754623370851e-07 4.641588833612777317e-04
9.999999999999999547e-07 7.935694754623370851e-07 7.742636826811269846e-04
9.999999999999999547e-07 7.935694754623370851e-07 1.291549665014883998e-03
9.999999999999999547e-07 7.935694754623370851e-07 2.154434690031882104e-03
9.999999999999999547e-07 7.935694754623370851e-07 3.593813663804625805e-03
9.999999999999999547e-07 7.935694754623370851e-07 5.994842503189408769e-03
9.999999999999999547e-07 7.935694754623370851e-07 1.000000000000000021e-02
9.999999999999999547e-07 1.100580821194876539e-06 1.000000000000000048e-04
9.999999999999999547e-07 1.100580821194876539e-06 1.668100537200059119e-04
9.999999999999999547e-07 1.100580821194876539e-06 2.782559402207125773e-04
9.999999999999999547e-07 1.100580821194876539e-06 4.641588833612777317e-04
9.999999999999999547e-07 1.100580821194876539e-06 7.742636826811269846e-04
9.999999999999999547e-07 1.100580821194876539e-06 1.291549665014883998e-03
9.999999999999999547e-07 1.100580821194876539e-06 2.154434690031882104e-03
9.999999999999999547e-07 1.100580821194876539e-06 3.593813663804625805e-03
9.999999999999999547e-07 1.100580821194876539e-06 5.994842503189408769e-03
9.999999999999999547e-07 1.100580821194876539e-06 1.000000000000000021e-02
9.999999999999999547e-07 1.407592166927416416e-06 1.000000000000000048e-04
9.999999999999999547e-07 1.407592166927416416e-06 1.668100537200059119e-04
9.999999999999999547e-07 1.407592166927416416e-06 2.782559402207125773e-04
9.999999999999999547e-07 1.407592166927416416e-06 4.641588833612777317e-04
9.999999999999999547e-07 1.407592166927416416e-06 7.742636826811269846e-04
9.999999999999999547e-07 1.407592166927416416e-06 1.291549665014883998e-03
9.999999999999999547e-07 1.407592166927416416e-06 2.154434690031882104e-03
9.999999999999999547e-07 1.407592166927416416e-06 3.593813663804625805e-03
9.999999999999999547e-07 1.407592166927416416e-06 5.994842503189408769e-03
9.999999999999999547e-07 1.407592166927416416e-06 1.000000000000000021e-02
9.999999999999999547e-07 1.714603512659955658e-06 1.000000000000000048e-04
9.999999999999999547e-07 1.714603512659955658e-06 1.668100537200059119e-04
9.999999999999999547e-07 1.714603512659955658e-06 2.782559402207125773e-04
9.999999999999999547e-07 1.714603512659955658e-06 4.641588833612777317e-04
9.999999999999999547e-07 1.714603512659955658e-06 7.742636826811269846e-04
9.999999999999999547e-07 1.714603512659955658e-06 1.291549665014883998e-03
9.999999999999999547e-07 1.714603512659955658e-06 2.154434690031882104e-03
9.999999999999999547e-07 1.714603512659955658e-06 3.593813663804625805e-03
9.999999999999999547e-07 1.714603512659955658e-06 5.994842503189408769e-03
9.999999999999999547e-07 1.714603512659955658e-06 1.000000000000000021e-02
9.999999999999999547e-07 2.021614858392494053e-06 1.000000000000000048e-04
9.999999999999999547e-07 2.021614858392494053e-06 1.668100537200059119e-04
9.999999999999999547e-07 2.021614858392494053e-06 2.782559402207125773e-04
9.999999999999999547e-07 2.021614858392494053e-06 4.641588833612777317e-04
9.999999999999999547e-07 2.021614858392494053e-06 7.742636826811269846e-04
9.999999999999999547e-07 2.021614858392494053e-06 1.291549665014883998e-03
9.999999999999999547e-07 2.021614858392494053e-06 2.154434690031882104e-03
9.999999999999999547e-07 2.021614858392494053e-06 3.593813663804625805e-03
9.999999999999999547e-07 2.021614858392494053e-06 5.994842503189408769e-03
9.999999999999999547e-07 2.021614858392494053e-06 1.000000000000000021e-02
9.999999999999999547e-07 2.328626204125033718e-06 1.000000000000000048e-04
9.999999999999999547e-07 2.328626204125033718e-06 1.668100537200059119e-04
9.999999999999999547e-07 2.328626204125033718e-06 2.782559402207125773e-04
9.999999999999999547e-07 2.328626204125033718e-06 4.641588833612777317e-04
9.999999999999999547e-07 2.328626204125033718e-06 7.742636826811269846e-04
9.999999999999999547e-07 2.328626204125033718e-06 1.291549665014883998e-03
9.999999999999999547e-07 2.328626204125033718e-06 2.154434690031882104e-03
9.999999999999999547e-07 2.328626204125033718e-06 3.593813663804625805e-03
9.999999999999999547e-07 2.328626204125033718e-06 5.994842503189408769e-03
9.999999999999999547e-07 2.328626204125033718e-06 1.000000000000000021e-02
9.999999999999999547e-07 2.635637549857573383e-06 1.000000000000000048e-04
9.999999999999999547e-07 2.635637549857573383e-06 1.668100537200059119e-04
9.999999999999999547e-07 2.635637549857573383e-06 2.782559402207125773e-04
9.999999999999999547e-07 2.635637549857573383e-06 4.641588833612777317e-04
9.999999999999999547e-07 2.635637549857573383e-06 7.742636826811269846e-04
9.999999999999999547e-07 2.635637549857573383e-06 1.291549665014883998e-03
9.999999999999999547e-07 2.635637549857573383e-06 2.154434690031882104e-03
9.999999999999999547e-07 2.635637549857573383e-06 3.593813663804625805e-03
9.999999999999999547e-07 2.635637549857573383e-06 5.994842503189408769e-03
9.999999999999999547e-07 2.635637549857573383e-06 1.000000000000000021e-02
9.999999999999999547e-07 2.942648895590113049e-06 1.000000000000000048e-04
9.999999999999999547e-07 2.942648895590113049e-06 1.668100537200059119e-04
9.999999999999999547e-07 2.942648895590113049e-06 2.782559402207125773e-04
9.999999999999999547e-07 2.942648895590113049e-06 4.641588833612777317e-04
9.999999999999999547e-07 2.942648895590113049e-06 7.742636826811269846e-04
9.999999999999999547e-07 2.942648895590113049e-06 1.291549665014883998e-03
9.999999999999999547e-07 2.942648895590113049e-06 2.154434690031882104e-03
9.999999999999999547e-07 2.942648895590113049e-06 3.593813663804625805e-03
9.999999999999999547e-07 2.942648895590113049e-06 5.994842503189408769e-03
9.999999999999999547e-07 2.942648895590113049e-06 1.000000000000000021e-02
9.999999999999999547e-07 3.249660241322652291e-06 1.000000000000000048e-04
9.999999999999999547e-07 3.249660241322652291e-06 1.668100537200059119e-04
9.999999999999999547e-07 3.249660241322652291e-06 2.782559402207125773e-04
9.999999999999999547e-07 3.249660241322652291e-06 4.641588833612777317e-04
9.999999999999999547e-07 3.249660241322652291e-06 7.742636826811269846e-04
9.999999999999999547e-07 3.249660241322652291e-06 1.291549665014883998e-03
9.999999999999999547e-07 3.249660241322652291e-06 2.154434690031882104e-03
9.999999999999999547e-07 3.249660241322652291e-06 3.593813663804625805e-03
9.999999999999999547e-07 3.249660241322652291e-06 5.994842503189408769e-03
9.999999999999999547e-07 3.249660241322652291e-06 1.000000000000000021e-02
2.154434690031882236e-06 1.048257713406908493e-06 1.000000000000000048e-04
2.154434690031882236e-06 1.048257713406908493e-06 1.668100537200059119e-04
2.154434690031882236e-06 1.048257713406908493e-06 2.782559402207125773e-04
2.154434690031882236e-06 1.048257713406908493e-06 4.641588833612777317e-04
2.154434690031882236e-06 1.048257713406908493e-06 7.742636826811269846e-04
2.154434690031882236e-06 1.048257713406908493e-06 1.291549665014883998e-03
2.154434690031882236e-06 1.048257713406908493e-06 2.154434690031882104e-03
2.154434690031882236e-06 1.048257713406908493e-06 3.593813663804625805e-03
2.154434690031882236e-06 1.048257713406908493e-06 5.994842503189408769e-03
2.154434690031882236e-06 1.048257713406908493e-06 1.000000000000000021e-02
2.154434690031882236e-06 1.709693606886463611e-06 1.000000000000000048e-04
2.154434690031882236e-06 1.709693606886463611e-06 1.668100537200059119e-04
2.154434690031882236e-06 1.709693606886463611e-06 2.782559402207125773e-04
2.154434690031882236e-06 1.709693606886463611e-06 4.641588833612777317e-04
2.154434690031882236e-06 1.709693606886463611e-06 7.742636826811269846e-04
2.154434690031882236e-06 1.709693606886463611e-06 1.291549665014883998e-03
2.154434690031882236e-06 1.709693606886463611e-06 2.154434690031882104e-03
2.154434690031882236e-06 1.709693606886463611e-06 3.593813663804625805e-03
2.154434690031882236e-06 1.709693606886463611e-06 5.994842503189408769e-03
2.154434690031882236e-06 1.709693606886463611e-06 1.000000000000000021e-02
2.154434690031882236e-06 2.371129500366018518e-06 1.000000000000000048e-04
2.154434690031882236e-06 2.371129500366018518e-06 1.668100537200059119e-04
2.154434690031882236e-06 2.371129500366018518e-06 2.782559402207125773e-04
2.154434690031882236e-06 2.371129500366018518e-06 4.641588833612777317e-04
2.154434690031882236e-06 2.371129500366018518e-06 7.742636826811269846e-04
2.154434690031882236e-06 2.371129500366018518e-06 1.291549665014883998e-03
2.154434690031882236e-06 2.371129500366018518e-06 2.154434690031882104e-03
2.154434690031882236e-06 2.371129500366018518e-06 3.593813663804625805e-03
2.154434690031882236e-06 2.371129500366018518e-06 5.994842503189408769e-03
2.154434690031882236e-06 2.371129500366018518e-06 1.000000000000000021e-02
2.154434690031882236e-06 3.032565393845573635e-06 1.000000000000000048e-04
2.154434690031882236e-06 3.032565393845573635e-06 1.668100537200059119e-04
2.154434690031882236e-06 3.032565393845573635e-06 2.782559402207125773e-04
2.154434690031882236e-06 3.032565393845573635e-06 4.641588833612777317e-04
2.154434690031882236e-06 3.032565393845573635e-06 7.742636826811269846e-04
2.154434690031882236e-06 3.032565393845573635e-06 1.291549665014883998e-03
2.154434690031882236e-06 3.032565393845573635e-06 2.154434690031882104e-03
2.154434690031882236e-06 3.032565393845573635e-06 3.593813663804625805e-03
2.154434690031882236e-06 3.032565393845573635e-06 5.994842503189408769e-03
2.154434690031882236e-06 3.032565393845573635e-06 1.000000000000000021e-02
2.154434690031882236e-06 3.694001287325127906e-06 1.000000000000000048e-04
2.154434690031882236e-06 3.694001287325127906e-06 1.668100537200059119e-04
2.154434690031882236e-06 3.694001287325127906e-06 2.782559402207125773e-04
2.154434690031882236e-06 3.694001287325127906e-06 4.641588833612777317e-04
2.154434690031882236e-06 3.694001287325127906e-06 7.742636826811269846e-04
2.154434690031882236e-06 3.694001287325127906e-06 1.291549665014883998e-03
2.154434690031882236e-06 3.694001287325127906e-06 2.154434690031882104e-03
2.154434690031882236e-06 3.694001287325127906e-06 3.593813663804625805e-03
2.154434690031882236e-06 3.694001287325127906e-06 5.994842503189408769e-03
2.154434690031882236e-06 3.694001287325127906e-06 1.000000000000000021e-02
2.154434690031882236e-06 4.355437180804680060e-06 1.000000000000000048e-04
2.154434690031882236e-06 4.355437180804680060e-06 1.668100537200059119e-04
2.154434690031882236e-06 4.355437180804680060e-06 2.782559402207125773e-04
2.154434690031882236e-06 4.355437180804680060e-06 4.641588833612777317e-04
2.154434690031882236e-06 4.355437180804680060e-06 7.742636826811269846e-04
2.154434690031882236e-06 4.355437180804680060e-06 1.291549665014883998e-03
2.154434690031882236e-06 4.355437180804680060e-06 2.154434690031882104e-03
2.154434690031882236e-06 4.355437180804680060e-06 3.593813663804625805e-03
2.154434690031882236e-06 4.355437180804680060e-06 5.994842503189408769e-03
2.154434690031882236e-06 4.355437180804680060e-06 1.000000000000000021e-02
2.154434690031882236e-06 5.016873074284235177e-06 1.000000000000000048e-04
2.154434690031882236e-06 5.016873074284235177e-06 1.668100537200059119e-04
2.154434690031882236e-06 5.016873074284235177e-06 2.782559402207125773e-04
2.154434690031882236e-06 5.016873074284235177e-06 4.641588833612777317e-04
2.154434690031882236e-06 5.016873074284235177e-06 7.742636826811269846e-04
2.154434690031882236e-06 5.016873074284235177e-06 1.291549665014883998e-03
2.154434690031882236e-06 5.016873074284235177e-06 2.154434690031882104e-03
2.154434690031882236e-06 5.016873074284235177e-06 3.593813663804625805e-03
2.154434690031882236e-06 5.016873074284235177e-06 5.994842503189408769e-03
2.154434690031882236e-06 5.016873074284235177e-06 1.000000000000000021e-02
2.154434690031882236e-06 5.678308967763790295e-06 1.000000000000000048e-04
2.154434690031882236e-06 5.678308967763790295e-06 1.668100537200059119e-04
2.154434690031882236e-06 5.678308967763790295e-06 2.782559402207125773e-04
2.154434690031882236e-06 5.678308967763790295e-06 4.641588833612777317e-04
2.154434690031882236e-06 5.678308967763790295e-06 7.742636826811269846e-04
2.154434690031882236e-06 5.678308967763790295e-06 1.291549665014883998e-03
2.154434690031882236e-06 5.678308967763790295e-06 2.154434690031882104e-03
2.154434690031882236e-06 5.678308967763790295e-06 3.593813663804625805e-03
2.154434690031882236e-06 5.678308967763790295e-06 5.994842503189408769e-03
2.154434690031882236e-06 5.678308967763790295e-06 1.000000000000000021e-02
2.154434690031882236e-06 6.339744861243345413e-06 1.000000000000000048e-04
2.154434690031882236e-06 6.339744861243345413e-06 1.668100537200059119e-04
2.154434690031882236e-06 6.339744861243345413e-06 2.782559402207125773e-04
2.154434690031882236e-06 6.339744861243345413e-06 4.641588833612777317e-04
2.154434690031882236e-06 6.339744861243345413e-06 7.742636826811269846e-04
2.154434690031882236e-06 6.339744861243345413e-06 1.291549665014883998e-03
2.154434690031882236e-06 6.339744861243345413e-06 2.154434690031882104e-03
2.154434690031882236e-06 6.339744861243345413e-06 3.593813663804625805e-03
2.154434690031882236e-06 6.339744861243345413e-06 5.994842503189408769e-03
2.154434690031882236e-06 6.339744861243345413e-06 1.000000000000000021e-02
2.154434690031882236e-06 7.001180754722900531e-06 1.000000000000000048e-04
2.154434690031882236e-06 7.001180754722900531e-06 1.668100537200059119e-04
2.154434690031882236e-06 7.001180754722900531e-06 2.782559402207125773e-04
2.154434690031882236e-06 7.001180754722900531e-06 4.641588833612777317e-04
2.154434690031882236e-06 7.001180754722900531e-06 7.742636826811269846e-04
2.154434690031882236e-06 7.001180754722900531e-06 1.291549665014883998e-03
2.154434690031882236e-06 7.001180754722900531e-06 2.154434690031882104e-03
2.154434690031882236e-06 7.001180754722900531e-06 3.593813663804625805e-03
2.154434690031882236e-06 7.001180754722900531e-06 5.994842503189408769e-03
2.154434690031882236e-06 7.001180754722900531e-06 1.000000000000000021e-02
4.641588833612781958e-06 2.258402781857346926e-06 1.000000000000000048e-04
4.641588833612781958e-06 2.258402781857346926e-06 1.668100537200059119e-04
4.641588833612781958e-06 2.258402781857346926e-06 2.782559402207125773e-04
4.641588833612781958e-06 2.258402781857346926e-06 4.641588833612777317e-04
4.641588833612781958e-06 2.258402781857346926e-06 7.742636826811269846e-04
4.641588833612781958e-06 2.258402781857346926e-06 1.291549665014883998e-03
4.641588833612781958e-06 2.258402781857346926e-06 2.154434690031882104e-03
4.641588833612781958e-06 2.258402781857346926e-06 3.593813663804625805e-03
4.641588833612781958e-06 2.258402781857346926e-06 5.994842503189408769e-03
4.641588833612781958e-06 2.258402781857346926e-06 1.000000000000000021e-02
4.641588833612781958e-06 3.683423216001936427e-06 1.000000000000000048e-04
4.641588833612781958e-06 3.683423216001936427e-06 1.668100537200059119e-04
4.641588833612781958e-06 3.683423216001936427e-06 2.782559402207125773e-04
4.641588833612781958e-06 3.683423216001936427e-06 4.641588833612777317e-04
4.641588833612781958e-06 3.683423216001936427e-06 7.742636826811269846e-04
4.641588833612781958e-06 3.683423216001936427e-06 1.291549665014883998e-03
4.641588833612781958e-06 3.683423216001936427e-06 2.154434690031882104e-03
4.641588833612781958e-06 3.683423216001936427e-06 3.593813663804625805e-03
4.641588833612781958e-06 3.683423216001936427e-06 5.994842503189408769e-03
4.641588833612781958e-06 3.683423216001936427e-06 1.000000000000000021e-02
4.641588833612781958e-06 5.108443650146524657e-06 1.000000000000000048e-04
4.641588833612781958e-06 5.108443650146524657e-06 1.668100537200059119e-04
4.641588833612781958e-06 5.108443650146524657e-06 2.782559402207125773e-04
4.641588833612781958e-06 5.108443650146524657e-06 4.641588833612777317e-04
4.641588833612781958e-06 5.108443650146524657e-06 7.742636826811269846e-04
4.641588833612781958e-06 5.108443650146524657e-06 1.291549665014883998e-03
4.641588833612781958e-06 5.108443650146524657e-06 2.154434690031882104e-03
4.641588833612781958e-06 5.108443650146524657e-06 3.593813663804625805e-03
4.641588833612781958e-06 5.108443650146524657e-06 5.994842503189408769e-03
4.641588833612781958e-06 5.108443650146524657e-06 1.000000000000000021e-02
4.641588833612781958e-06 6.533464084291114158e-06 1.000000000000000048e-04
4.641588833612781958e-06 6.533464084291114158e-06 1.668100537200059119e-04
4.641588833612781958e-06 6.533464084291114158e-06 2.782559402207125773e-04
4.641588833612781958e-06 6.533464084291114158e-06 4.641588833612777317e-04
4.641588833612781958e-06 6.533464084291114158e-06 7.742636826811269846e-04
4.641588833612781958e-06 6.533464084291114158e-06 1.291549665014883998e-03
4.641588833612781958e-06 6.533464084291114158e-06 2.154434690031882104e-03
4.641588833612781958e-06 6.533464084291114158e-06 3.593813663804625805e-03
4.641588833612781958e-06 6.533464084291114158e-06 5.994842503189408769e-03
4.641588833612781958e-06 6.533464084291114158e-06 1.000000000000000021e-02
4.641588833612781958e-06 7.958484518435701965e-06 1.000000000000000048e-04
4.641588833612781958e-06 7.958484518435701965e-06 1.668100537200059119e-04
4.641588833612781958e-06 7.958484518435701965e-06 2.782559402207125773e-04
4.641588833612781958e-06 7.958484518435701965e-06 4.641588833612777317e-04
4.641588833612781958e-06 7.958484518435701965e-06 7.742636826811269846e-04
4.641588833612781958e-06 7.958484518435701965e-06 1.291549665014883998e-03
4.641588833612781958e-06 7.958484518435701965e-06 2.154434690031882104e-03
4.641588833612781958e-06 7.958484518435701965e-06 3.593813663804625805e-03
4.641588833612781958e-06 7.958484518435701965e-06 5.994842503189408769e-03
4.641588833612781958e-06 7.958484518435701965e-06 1.000000000000000021e-02
4.641588833612781958e-06 9.383504952580284689e-06 1.000000000000000048e-04
4.641588833612781958e-06 9.383504952580284689e-06 1.668100537200059119e-04
4.641588833612781958e-06 9.383504952580284689e-06 2.782559402207125773e-04
4.641588833612781958e-06 9.383504952580284689e-06 4.641588833612777317e-04
4.641588833612781958e-06 9.383504952580284689e-06 7.742636826811269846e-04
4.641588833612781958e-06 9.383504952580284689e-06 1.291549665014883998e-03
4.641588833612781958e-06 9.383504952580284689e-06 2.154434690031882104e-03
4.641588833612781958e-06 9.383504952580284689e-06 3.593813663804625805e-03
4.641588833612781958e-06 9.383504952580284689e-06 5.994842503189408769e-03
4.641588833612781958e-06 9.383504952580284689e-06 1.000000000000000021e-02
4.641588833612781958e-06 1.080852538672487419e-05 1.000000000000000048e-04
4.641588833612781958e-06 1.080852538672487419e-05 1.668100537200059119e-04
4.641588833612781958e-06 1.080852538672487419e-05 2.782559402207125773e-04
4.641588833612781958e-06 1.080852538672487419e-05 4.641588833612777317e-04
4.641588833612781958e-06 1.080852538672487419e-05 7.742636826811269846e-04
4.641588833612781958e-06 1.080852538672487419e-05 1.291549665014883998e-03
4.641588833612781958e-06 1.080852538672487419e-05 2.154434690031882104e-03
4.641588833612781958e-06 1.080852538672487419e-05 3.593813663804625805e-03
4.641588833612781958e-06 1.080852538672487419e-05 5.994842503189408769e-03
4.641588833612781958e-06 1.080852538672487419e-05 1.000000000000000021e-02
4.641588833612781958e-06 1.223354582086946369e-05 1.000000000000000048e-04
4.641588833612781958e-06 1.223354582086946369e-05 1.668100537200059119e-04
4.641588833612781958e-06 1.223354582086946369e-05 2.782559402207125773e-04
4.641588833612781958e-06 1.223354582086946369e-05 4.641588833612777317e-04
4.641588833612781958e-06 1.223354582086946369e-05 7.742636826811269846e-04
4.641588833612781958e-06 1.223354582086946369e-05 1.291549665014883998e-03
4.641588833612781958e-06 1.223354582086946369e-05 2.154434690031882104e-03
4.641588833612781958e-06 1.223354582086946369e-05 3.593813663804625805e-03
4.641588833612781958e-06 1.223354582086946369e-05 5.994842503189408769e-03
4.641588833612781958e-06 1.223354582086946369e-05 1.000000000000000021e-02
4.641588833612781958e-06 1.365856625501405150e-05 1.000000000000000048e-04
4.641588833612781958e-06 1.365856625501405150e-05 1.668100537200059119e-04
4.641588833612781958e-06 1.365856625501405150e-05 2.782559402207125773e-04
4.641588833612781958e-06 1.365856625501405150e-05 4.641588833612777317e-04
4.641588833612781958e-06 1.365856625501405150e-05 7.742636826811269846e-04
4.641588833612781958e-06 1.365856625501405150e-05 1.291549665014883998e-03
4.641588833612781958e-06 1.365856625501405150e-05 2.154434690031882104e-03
4.641588833612781958e-06 1.365856625501405150e-05 3.593813663804625805e-03
4.641588833612781958e-06 1.365856625501405150e-05 5.994842503189408769e-03
4.641588833612781958e-06 1.365856625501405150e-05 1.000000000000000021e-02
4.641588833612781958e-06 1.508358668915864100e-05 1.000000000000000048e-04
4.641588833612781958e-06 1.508358668915864100e-05 1.668100537200059119e-04
4.641588833612781958e-06 1.508358668915864100e-05 2.782559402207125773e-04
4.641588833612781958e-06 1.508358668915864100e-05 4.641588833612777317e-04
4.641588833612781958e-06 1.508358668915864100e-05 7.742636826811269846e-04
4.641588833612781958e-06 1.508358668915864100e-05 1.291549665014883998e-03
4.641588833612781958e-06 1.508358668915864100e-05 2.154434690031882104e-03
4.641588833612781958e-06 1.508358668915864100e-05 3.593813663804625805e-03
4.641588833612781958e-06 1.508358668915864100e-05 5.994842503189408769e-03
4.641588833612781958e-06 1.508358668915864100e-05 1.000000000000000021e-02
1.000000000000000082e-05 4.865581297297975044e-06 1.000000000000000048e-04
1.000000000000000082e-05 4.865581297297975044e-06 1.668100537200059119e-04
1.000000000000000082e-05 4.865581297297975044e-06 2.782559402207125773e-04
1.000000000000000082e-05 4.865581297297975044e-06 4.641588833612777317e-04
1.000000000000000082e-05 4.865581297297975044e-06 7.742636826811269846e-04
1.000000000000000082e-05 4.865581297297975044e-06 1.291549665014883998e-03
1.000000000000000082e-05 4.865581297297975044e-06 2.154434690031882104e-03
1.000000000000000082e-05 4.865581297297975044e-06 3.593813663804625805e-03
1.000000000000000082e-05 4.865581297297975044e-06 5.994842503189408769e-03
1.000000000000000082e-05 4.865581297297975044e-06 1.000000000000000021e-02
1.000000000000000082e-05 7.935694754623371698e-06 1.000000000000000048e-04
1.000000000000000082e-05 7.935694754623371698e-06 1.668100537200059119e-04
1.000000000000000082e-05 7.935694754623371698e-06 2.782559402207125773e-04
1.000000000000000082e-05 7.935694754623371698e-06 4.641588833612777317e-04
1.000000000000000082e-05 7.935694754623371698e-06 7.742636826811269846e-04
1.000000000000000082e-05 7.935694754623371698e-06 1.291549665014883998e-03
1.000000000000000082e-05 7.935694754623371698e-06 2.154434690031882104e-03
1.000000000000000082e-05 7.935694754623371698e-06 3.593813663804625805e-03
1.000000000000000082e-05 7.935694754623371698e-06 5.994842503189408769e-03
1.000000000000000082e-05 7.935694754623371698e-06 1.000000000000000021e-02
1.000000000000000082e-05 1.100580821194876750e-05 1.000000000000000048e-04
1.000000000000000082e-05 1.100580821194876750e-05 1.668100537200059119e-04
1.000000000000000082e-05 1.100580821194876750e-05 2.782559402207125773e-04
1.000000000000000082e-05 1.100580821194876750e-05 4.641588833612777317e-04
1.000000000000000082e-05 1.100580821194876750e-05 7.742636826811269846e-04
1.000000000000000082e-05 1.100580821194876750e-05 1.291549665014883998e-03
1.000000000000000082e-05 1.100580821194876750e-05 2.154434690031882104e-03
1.000000000000000082e-05 1.100580821194876750e-05 3.593813663804625805e-03
1.000000000000000082e-05 1.100580821194876750e-05 5.994842503189408769e-03
1.000000000000000082e-05 1.100580821194876750e-05 1.000000000000000021e-02
1.000000000000000082e-05 1.407592166927416501e-05 1.000000000000000048e-04
1.000000000000000082e-05 1.407592166927416501e-05 1.668100537200059119e-04
1.000000000000000082e-05 1.407592166927416501e-05 2.782559402207125773e-04
1.000000000000000082e-05 1.407592166927416501e-05 4.641588833612777317e-04
1.000000000000000082e-05 1.407592166927416501e-05 7.742636826811269846e-04
1.000000000000000082e-05 1.407592166927416501e-05 1.291549665014883998e-03
1.000000000000000082e-05 1.407592166927416501e-05 2.154434690031882104e-03
1.000000000000000082e-05 1.407592166927416501e-05 3.593813663804625805e-03
1.000000000000000082e-05 1.407592166927416501e-05 5.994842503189408769e-03
1.000000000000000082e-05 1.407592166927416501e-05 1.000000000000000021e-02
1.000000000000000082e-05 1.714603512659955742e-05 1.000000000000000048e-04
1.000000000000000082e-05 1.714603512659955742e-05 1.668100537200059119e-04
1.000000000000000082e-05 1.714603512659955742e-05 2.782559402207125773e-04
1.000000000000000082e-05 1.714603512659955742e-05 4.641588833612777317e-04
1.000000000000000082e-05 1.714603512659955742e-05 7.742636826811269846e-04
1.000000000000000082e-05 1.714603512659955742e-05 1.291549665014883998e-03
1.000000000000000082e-05 1.714603512659955742e-05 2.154434690031882104e-03
1.000000000000000082e-05 1.714603512659955742e-05 3.593813663804625805e-03
1.000000000000000082e-05 1.714603512659955742e-05 5.994842503189408769e-03
1.000000000000000082e-05 1.714603512659955742e-05 1.000000000000000021e-02
1.000000000000000082e-05 2.021614858392493968e-05 1.000000000000000048e-04
1.000000000000000082e-05 2.021614858392493968e-05 1.668100537200059119e-04
1.000000000000000082e-05 2.021614858392493968e-05 2.782559402207125773e-04
1.000000000000000082e-05 2.021614858392493968e-05 4.641588833612777317e-04
1.000000000000000082e-05 2.021614858392493968e-05 7.742636826811269846e-04
1.000000000000000082e-05 2.021614858392493968e-05 1.291549665014883998e-03
1.000000000000000082e-05 2.021614858392493968e-05 2.154434690031882104e-03
1.000000000000000082e-05 2.021614858392493968e-05 3.593813663804625805e-03
1.000000000000000082e-05 2.021614858392493968e-05 5.994842503189408769e-03
1.000000000000000082e-05 2.021614858392493968e-05 1.000000000000000021e-02
1.000000000000000082e-05 2.328626204125033887e-05 1.000000000000000048e-04
1.000000000000000082e-05 2.328626204125033887e-05 1.668100537200059119e-04
1.000000000000000082e-05 2.328626204125033887e-05 2.782559402207125773e-04
1.000000000000000082e-05 2.328626204125033887e-05 4.641588833612777317e-04
1.000000000000000082e-05 2.328626204125033887e-05 7.742636826811269846e-04
1.000000000000000082e-05 2.328626204125033887e-05 1.291549665014883998e-03
1.000000000000000082e-05 2.328626204125033887e-05 2.154434690031882104e-03
1.000000000000000082e-05 2.328626204125033887e-05 3.593813663804625805e-03
1.000000000000000082e-05 2.328626204125033887e-05 5.994842503189408769e-03
1.000000000000000082e-05 2.328626204125033887e-05 1.000000000000000021e-02
1.000000000000000082e-05 2.635637549857573468e-05 1.000000000000000048e-04
1.000000000000000082e-05 2.635637549857573468e-05 1.668100537200059119e-04
1.000000000000000082e-05 2.635637549857573468e-05 2.782559402207125773e-04
1.000000000000000082e-05 2.635637549857573468e-05 4.641588833612777317e-04
1.000000000000000082e-05 2.635637549857573468e-05 7.742636826811269846e-04
1.000000000000000082e-05 2.635637549857573468e-05 1.291549665014883998e-03
1.000000000000000082e-05 2.635637549857573468e-05 2.154434690031882104e-03
1.000000000000000082e-05 2.635637549857573468e-05 3.593813663804625805e-03
1.000000000000000082e-05 2.635637549857573468e-05 5.994842503189408769e-03
1.000000000000000082e-05 2.635637549857573468e-05 1.000000000000000021e-02
1.000000000000000082e-05 2.942648895590113049e-05 1.000000000000000048e-04
1.000000000000000082e-05 2.942648895590113049e-05 1.668100537200059119e-04
1.000000000000000082e-05 2.942648895590113049e-05 2.782559402207125773e-04
1.000000000000000082e-05 2.942648895590113049e-05 4.641588833612777317e-04
1.000000000000000082e-05 2.942648895590113049e-05 7.742636826811269846e-04
1.000000000000000082e-05 2.942648895590113049e-05 1.291549665014883998e-03
1.000000000000000082e-05 2.942648895590113049e-05 2.154434690031882104e-03
1.000000000000000082e-05 2.942648895590113049e-05 3.593813663804625805e-03
1.000000000000000082e-05 2.942648895590113049e-05 5.994842503189408769e-03
1.000000000000000082e-05 2.942648895590113049e-05 1.000000000000000021e-02
1.000000000000000082e-05 3.249660241322652968e-05 1.000000000000000048e-04
1.000000000000000082e-05 3.249660241322652968e-05 1.668100537200059119e-04
1.000000000000000082e-05 3.249660241322652968e-05 2.782559402207125773e-04
1.000000000000000082e-05 3.249660241322652968e-05 4.641588833612777317e-04
1.000000000000000082e-05 3.249660241322652968e-05 7.742636826811269846e-04
1.000000000000000082e-05 3.249660241322652968e-05 1.291549665014883998e-03
1.000000000000000082e-05 3.249660241322652968e-05 2.154434690031882104e-03
1.000000000000000082e-05 3.249660241322652968e-05 3.593813663804625805e-03
1.000000000000000082e-05 3.249660241322652968e-05 5.994842503189408769e-03
1.000000000000000082e-05 3.249660241322652968e-05 1.000000000000000021e-02
2.154434690031882321e-05 1.048257713406908536e-05 1.000000000000000048e-04
2.154434690031882321e-05 1.048257713406908536e-05 1.668100537200059119e-04
2.154434690031882321e-05 1.048257713406908536e-05 2.782559402207125773e-04
2.154434690031882321e-05 1.048257713406908536e-05 4.641588833612777317e-04
2.154434690031882321e-05 1.048257713406908536e-05 7.742636826811269846e-04
2.154434690031882321e-05 1.048257713406908536e-05 1.291549665014883998e-03
2.154434690031882321e-05 1.048257713406908536e-05 2.154434690031882104e-03
2.154434690031882321e-05 1.048257713406908536e-05 3.593813663804625805e-03
2.154434690031882321e-05 1.048257713406908536e-05 5.994842503189408769e-03
2.154434690031882321e-05 1.048257713406908536e-05 1.000000000000000021e-02
2.154434690031882321e-05 1.709693606886463993e-05 1.000000000000000048e-04
2.154434690031882321e-05 1.709693606886463993e-05 1.668100537200059119e-04
2.154434690031882321e-05 1.709693606886463993e-05 2.782559402207125773e-04
2.154434690031882321e-05 1.709693606886463993e-05 4.641588833612777317e-04
2.154434690031882321e-05 1.709693606886463993e-05 7.742636826811269846e-04
2.154434690031882321e-05 1.709693606886463993e-05 1.291549665014883998e-03
2.154434690031882321e-05 1.709693606886463993e-05 2.154434690031882104e-03
2.154434690031882321e-05 1.709693606886463993e-05 3.593813663804625805e-03
2.154434690031882321e-05 1.709693606886463993e-05 5.994842503189408769e-03
2.154434690031882321e-05 1.709693606886463993e-05 1.000000000000000021e-02
2.154434690031882321e-05 2.371129500366018602e-05 1.000000000000000048e-04
2.154434690031882321e-05 2.371129500366018602e-05 1.668100537200059119e-04
2.154434690031882321e-05 2.371129500366018602e-05 2.782559402207125773e-04
2.154434690031882321e-05 2.371129500366018602e-05 4.641588833612777317e-04
2.154434690031882321e-05 2.371129500366018602e-05 7.742636826811269846e-04
2.154434690031882321e-05 2.371129500366018602e-05 1.291549665014883998e-03
2.154434690031882321e-05 2.371129500366018602e-05 2.154434690031882104e-03
2.154434690031882321e-05 2.371129500366018602e-05 3.593813663804625805e-03
2.154434690031882321e-05 2.371129500366018602e-05 5.994842503189408769e-03
2.154434690031882321e-05 2.371129500366018602e-05 1.000000000000000021e-02
2.154434690031882321e-05 3.032565393845573890e-05 1.000000000000000048e-04
2.154434690031882321e-05 3.032565393845573890e-05 1.668100537200059119e-04
2.154434690031882321e-05 3.032565393845573890e-05 2.782559402207125773e-04
2.154434690031882321e-05 3.032565393845573890e-05 4.641588833612777317e-04
2.154434690031882321e-05 3.032565393845573890e-05 7.742636826811269846e-04
2.154434690031882321e-05 3.032565393845573890e-05 1.291549665014883998e-03
2.154434690031882321e-05 3.032565393845573890e-05 2.154434690031882104e-03
2.154434690031882321e-05 3.032565393845573890e-05 3.593813663804625805e-03
2.154434690031882321e-05 3.032565393845573890e-05 5.994842503189408769e-03
2.154434690031882321e-05 3.032565393845573890e-05 1.000000000000000021e-02
2.154434690031882321e-05 3.694001287325128838e-05 1.000000000000000048e-04
2.154434690031882321e-05 3.694001287325128838e-05 1.668100537200059119e-04
2.154434690031882321e-05 3.694001287325128838e-05 2.782559402207125773e-04
2.154434690031882321e-05 3.694001287325128838e-05 4.641588833612777317e-04
2.154434690031882321e-05 3.694001287325128838e-05 7.742636826811269846e-04
2.154434690031882321e-05 3.694001287325128838e-05 1.291549665014883998e-03
2.154434690031882321e-05 3.694001287325128838e-05 2.154434690031882104e-03
2.154434690031882321e-05 3.694001287325128838e-05 3.593813663804625805e-03
2.154434690031882321e-05 3.694001287325128838e-05 5.994842503189408769e-03
2.154434690031882321e-05 3.694001287325128838e-05 1.000000000000000021e-02
2.154434690031882321e-05 4.355437180804681076e-05 1.000000000000000048e-04
2.154434690031882321e-05 4.355437180804681076e-05 1.668100537200059119e-04
2.154434690031882321e-05 4.355437180804681076e-05 2.782559402207125773e-04
2.154434690031882321e-05 4.355437180804681076e-05 4.641588833612777317e-04
2.154434690031882321e-05 4.355437180804681076e-05 7.742636826811269846e-04
2.154434690031882321e-05 4.355437180804681076e-05 1.291549665014883998e-03
2.154434690031882321e-05 4.355437180804681076e-05 2.154434690031882104e-03
2.154434690031882321e-05 4.355437180804681076e-05 3.593813663804625805e-03
2.154434690031882321e-05 4.355437180804681076e-05 5.994842503189408769e-03
2.154434690031882321e-05 4.355437180804681076e-05 1.000000000000000021e-02
2.154434690031882321e-05 5.016873074284236025e-05 1.000000000000000048e-04
2.154434690031882321e-05 5.016873074284236025e-05 1.668100537200059119e-04
2.154434690031882321e-05 5.016873074284236025e-05 2.782559402207125773e-04
2.154434690031882321e-05 5.016873074284236025e-05 4.641588833612777317e-04
2.154434690031882321e-05 5.016873074284236025e-05 7.742636826811269846e-04
2.154434690031882321e-05 5.016873074284236025e-05 1.291549665014883998e-03
2.154434690031882321e-05 5.016873074284236025e-05 2.154434690031882104e-03
2.154434690031882321e-05 5.016873074284236025e-05 3.593813663804625805e-03
2.154434690031882321e-05 5.016873074284236025e-05 5.994842503189408769e-03
2.154434690031882321e-05 5.016873074284236025e-05 1.000000000000000021e-02
2.154434690031882321e-05 5.678308967763790973e-05 1.000000000000000048e-04
2.154434690031882321e-05 5.678308967763790973e-05 1.668100537200059119e-04
2.154434690031882321e-05 5.678308967763790973e-05 2.782559402207125773e-04
2.154434690031882321e-05 5.678308967763790973e-05 4.641588833612777317e-04
2.154434690031882321e-05 5.678308967763790973e-05 7.742636826811269846e-04
2.154434690031882321e-05 5.678308967763790973e-05 1.291549665014883998e-03
2.154434690031882321e-05 5.678308967763790973e-05 2.154434690031882104e-03
2.154434690031882321e-05 5.678308967763790973e-05 3.593813663804625805e-03
2.154434690031882321e-05 5.678308967763790973e-05 5.994842503189408769e-03
2.154434690031882321e-05 5.678308967763790973e-05 1.000000000000000021e-02
2.154434690031882321e-05 6.339744861243345922e-05 1.000000000000000048e-04
2.154434690031882321e-05 6.339744861243345922e-05 1.668100537200059119e-04
2.154434690031882321e-05 6.339744861243345922e-05 2.782559402207125773e-04
2.154434690031882321e-05 6.339744861243345922e-05 4.641588833612777317e-04
2.154434690031882321e-05 6.339744861243345922e-05 7.742636826811269846e-04
2.154434690031882321e-05 6.339744861243345922e-05 1.291549665014883998e-03
2.154434690031882321e-05 6.339744861243345922e-05 2.154434690031882104e-03
2.154434690031882321e-05 6.339744861243345922e-05 3.593813663804625805e-03
2.154434690031882321e-05 6.339744861243345922e-05 5.994842503189408769e-03
2.154434690031882321e-05 6.339744861243345922e-05 1.000000000000000021e-02
2.154434690031882321e-05 7.001180754722901548e-05 1.000000000000000048e-04
2.154434690031882321e-05 7.001180754722901548e-05 1.668100537200059119e-04
2.154434690031882321e-05 7.001180754722901548e-05 2.782559402207125773e-04
2.154434690031882321e-05 7.001180754722901548e-05 4.641588833612777317e-04
2.154434690031882321e-05 7.001180754722901548e-05 7.742636826811269846e-04
2.154434690031882321e-05 7.001180754722901548e-05 1.291549665014883998e-03
2.154434690031882321e-05 7.001180754722901548e-05 2.154434690031882104e-03
2.154434690031882321e-05 7.001180754722901548e-05 3.593813663804625805e-03
2.154434690031882321e-05 7.001180754722901548e-05 5.994842503189408769e-03
2.154434690031882321e-05 7.001180754722901548e-05 1.000000000000000021e-02
4.641588833612772302e-05 2.258402781857342606e-05 1.000000000000000048e-04
4.641588833612772302e-05 2.258402781857342606e-05 1.668100537200059119e-04
4.641588833612772302e-05 2.258402781857342606e-05 2.782559402207125773e-04
4.641588833612772302e-05 2.258402781857342606e-05 4.641588833612777317e-04
4.641588833612772302e-05 2.258402781857342606e-05 7.742636826811269846e-04
4.641588833612772302e-05 2.258402781857342606e-05 1.291549665014883998e-03
4.641588833612772302e-05 2.258402781857342606e-05 2.154434690031882104e-03
4.641588833612772302e-05 2.258402781857342606e-05 3.593813663804625805e-03
4.641588833612772302e-05 2.258402781857342606e-05 5.994842503189408769e-03
4.641588833612772302e-05 2.258402781857342606e-05 1.000000000000000021e-02
4.641588833612772302e-05 3.683423216001929058e-05 1.000000000000000048e-04
4.641588833612772302e-05 3.683423216001929058e-05 1.668100537200059119e-04
4.641588833612772302e-05 3.683423216001929058e-05 2.782559402207125773e-04
4.641588833612772302e-05 3.683423216001929058e-05 4.641588833612777317e-04
4.641588833612772302e-05 3.683423216001929058e-05 7.742636826811269846e-04
4.641588833612772302e-05 3.683423216001929058e-05 1.291549665014883998e-03
4.641588833612772302e-05 3.683423216001929058e-05 2.154434690031882104e-03
4.641588833612772302e-05 3.683423216001929058e-05 3.593813663804625805e-03
4.641588833612772302e-05 3.683423216001929058e-05 5.994842503189408769e-03
4.641588833612772302e-05 3.683423216001929058e-05 1.000000000000000021e-02
4.641588833612772302e-05 5.108443650146514154e-05 1.000000000000000048e-04
4.641588833612772302e-05 5.108443650146514154e-05 1.668100537200059119e-04
4.641588833612772302e-05 5.108443650146514154e-05 2.782559402207125773e-04
4.641588833612772302e-05 5.108443650146514154e-05 4.641588833612777317e-04
4.641588833612772302e-05 5.108443650146514154e-05 7.742636826811269846e-04
4.641588833612772302e-05 5.108443650146514154e-05 1.291549665014883998e-03
4.641588833612772302e-05 5.108443650146514154e-05 2.154434690031882104e-03
4.641588833612772302e-05 5.108443650146514154e-05 3.593813663804625805e-03
4.641588833612772302e-05 5.108443650146514154e-05 5.994842503189408769e-03
4.641588833612772302e-05 5.108443650146514154e-05 1.000000000000000021e-02
4.641588833612772302e-05 6.533464084291101283e-05 1.000000000000000048e-04
4.641588833612772302e-05 6.533464084291101283e-05 1.668100537200059119e-04
4.641588833612772302e-05 6.533464084291101283e-05 2.782559402207125773e-04
4.641588833612772302e-05 6.533464084291101283e-05 4.641588833612777317e-04
4.641588833612772302e-05 6.533464084291101283e-05 7.742636826811269846e-04
4.641588833612772302e-05 6.533464084291101283e-05 1.291549665014883998e-03
4.641588833612772302e-05 6.533464084291101283e-05 2.154434690031882104e-03
4.641588833612772302e-05 6.533464084291101283e-05 3.593813663804625805e-03
4.641588833612772302e-05 6.533464084291101283e-05 5.994842503189408769e-03
4.641588833612772302e-05 6.533464084291101283e-05 1.000000000000000021e-02
4.641588833612772302e-05 7.958484518435685702e-05 1.000000000000000048e-04
4.641588833612772302e-05 7.958484518435685702e-05 1.668100537200059119e-04
4.641588833612772302e-05 7.958484518435685702e-05 2.782559402207125773e-04
4.641588833612772302e-05 7.958484518435685702e-05 4.641588833612777317e-04
4.641588833612772302e-05 7.958484518435685702e-05 7.742636826811269846e-04
4.641588833612772302e-05 7.958484518435685702e-05 1.291549665014883998e-03
4.641588833612772302e-05 7.958484518435685702e-05 2.154434690031882104e-03
4.641588833612772302e-05 7.958484518435685702e-05 3.593813663804625805e-03
4.641588833612772302e-05 7.958484518435685702e-05 5.994842503189408769e-03
4.641588833612772302e-05 7.958484518435685702e-05 1.000000000000000021e-02
4.641588833612772302e-05 9.383504952580266054e-05 1.000000000000000048e-04
4.641588833612772302e-05 9.383504952580266054e-05 1.668100537200059119e-04
4.641588833612772302e-05 9.383504952580266054e-05 2.782559402207125773e-04
4.641588833612772302e-05 9.383504952580266054e-05 4.641588833612777317e-04
4.641588833612772302e-05 9.383504952580266054e-05 7.742636826811269846e-04
4.641588833612772302e-05 9.383504952580266054e-05 1.291549665014883998e-03
4.641588833612772302e-05 9.383504952580266054e-05 2.154434690031882104e-03
4.641588833612772302e-05 9.383504952580266054e-05 3.593813663804625805e-03
4.641588833612772302e-05 9.383504952580266054e-05 5.994842503189408769e-03
4.641588833612772302e-05 9.383504952580266054e-05 1.000000000000000021e-02
4.641588833612772302e-05 1.080852538672485183e-04 1.000000000000000048e-04
4.641588833612772302e-05 1.080852538672485183e-04 1.668100537200059119e-04
4.641588833612772302e-05 1.080852538672485183e-04 2.782559402207125773e-04
4.641588833612772302e-05 1.080852538672485183e-04 4.641588833612777317e-04
4.641588833612772302e-05 1.080852538672485183e-04 7.742636826811269846e-04
4.641588833612772302e-05 1.080852538672485183e-04 1.291549665014883998e-03
4.641588833612772302e-05 1.080852538672485183e-04 2.154434690031882104e-03
4.641588833612772302e-05 1.080852538672485183e-04 3.593813663804625805e-03
4.641588833612772302e-05 1.080852538672485183e-04 5.994842503189408769e-03
4.641588833612772302e-05 1.080852538672485183e-04 1.000000000000000021e-02
4.641588833612772302e-05 1.223354582086943760e-04 1.000000000000000048e-04
4.641588833612772302e-05 1.223354582086943760e-04 1.668100537200059119e-04
4.641588833612772302e-05 1.223354582086943760e-04 2.782559402207125773e-04
4.641588833612772302e-05 1.223354582086943760e-04 4.641588833612777317e-04
4.641588833612772302e-05 1.223354582086943760e-04 7.742636826811269846e-04
4.641588833612772302e-05 1.223354582086943760e-04 1.291549665014883998e-03
4.641588833612772302e-05 1.223354582086943760e-04 2.154434690031882104e-03
4.641588833612772302e-05 1.223354582086943760e-04 3.593813663804625805e-03
4.641588833612772302e-05 1.223354582086943760e-04 5.994842503189408769e-03
4.641588833612772302e-05 1.223354582086943760e-04 1.000000000000000021e-02
4.641588833612772302e-05 1.365856625501402338e-04 1.000000000000000048e-04
4.641588833612772302e-05 1.365856625501402338e-04 1.668100537200059119e-04
4.641588833612772302e-05 1.365856625501402338e-04 2.782559402207125773e-04
4.641588833612772302e-05 1.365856625501402338e-04 4.641588833612777317e-04
4.641588833612772302e-05 1.365856625501402338e-04 7.742636826811269846e-04
4.641588833612772302e-05 1.365856625501402338e-04 1.291549665014883998e-03
4.641588833612772302e-05 1.365856625501402338e-04 2.154434690031882104e-03
4.641588833612772302e-05 1.365856625501402338e-04 3.593813663804625805e-03
4.641588833612772302e-05 1.365856625501402338e-04 5.994842503189408769e-03
4.641588833612772302e-05 1.365856625501402338e-04 1.000000000000000021e-02
4.641588833612772302e-05 1.508358668915861186e-04 1.000000000000000048e-04
4.641588833612772302e-05 1.508358668915861186e-04 1.668100537200059119e-04
4.641588833612772302e-05 1.508358668915861186e-04 2.782559402207125773e-04
4.641588833612772302e-05 1.508358668915861186e-04 4.641588833612777317e-04
4.641588833612772302e-05 1.508358668915861186e-04 7.742636826811269846e-04
4.641588833612772302e-05 1.508358668915861186e-04 1.291549665014883998e-03
4.641588833612772302e-05 1.508358668915861186e-04 2.154434690031882104e-03
4.641588833612772302e-05 1.508358668915861186e-04 3.593813663804625805e-03
4.641588833612772302e-05 1.508358668915861186e-04 5.994842503189408769e-03
4.641588833612772302e-05 1.508358668915861186e-04 1.000000000000000021e-02
1.000000000000000048e-04 4.865581297297974874e-05 1.000000000000000048e-04
1.000000000000000048e-04 4.865581297297974874e-05 1.668100537200059119e-04
1.000000000000000048e-04 4.865581297297974874e-05 2.782559402207125773e-04
1.000000000000000048e-04 4.865581297297974874e-05 4.641588833612777317e-04
1.000000000000000048e-04 4.865581297297974874e-05 7.742636826811269846e-04
1.000000000000000048e-04 4.865581297297974874e-05 1.291549665014883998e-03
1.000000000000000048e-04 4.865581297297974874e-05 2.154434690031882104e-03
1.000000000000000048e-04 4.865581297297974874e-05 3.593813663804625805e-03
1.000000000000000048e-04 4.865581297297974874e-05 5.994842503189408769e-03
1.000000000000000048e-04 4.865581297297974874e-05 1.000000000000000021e-02
1.000000000000000048e-04 7.935694754623371359e-05 1.000000000000000048e-04
1.000000000000000048e-04 7.935694754623371359e-05 1.668100537200059119e-04
1.000000000000000048e-04 7.935694754623371359e-05 2.782559402207125773e-04
1.000000000000000048e-04 7.935694754623371359e-05 4.641588833612777317e-04
1.000000000000000048e-04 7.935694754623371359e-05 7.742636826811269846e-04
1.000000000000000048e-04 7.935694754623371359e-05 1.291549665014883998e-03
1.000000000000000048e-04 7.935694754623371359e-05 2.154434690031882104e-03
1.000000000000000048e-04 7.935694754623371359e-05 3.593813663804625805e-03
1.000000000000000048e-04 7.935694754623371359e-05 5.994842503189408769e-03
1.000000000000000048e-04 7.935694754623371359e-05 1.000000000000000021e-02
1.000000000000000048e-04 1.100580821194876649e-04 1.000000000000000048e-04
1.000000000000000048e-04 1.100580821194876649e-04 1.668100537200059119e-04
1.000000000000000048e-04 1.100580821194876649e-04 2.782559402207125773e-04
1.000000000000000048e-04 1.100580821194876649e-04 4.641588833612777317e-04
1.000000000000000048e-04 1.100580821194876649e-04 7.742636826811269846e-04
1.000000000000000048e-04 1.100580821194876649e-04 1.291549665014883998e-03
1.000000000000000048e-04 1.100580821194876649e-04 2.154434690031882104e-03
1.000000000000000048e-04 1.100580821194876649e-04 3.593813663804625805e-03
1.000000000000000048e-04 1.100580821194876649e-04 5.994842503189408769e-03
1.000000000000000048e-04 1.100580821194876649e-04 1.000000000000000021e-02
1.000000000000000048e-04 1.407592166927416433e-04 1.000000000000000048e-04
1.000000000000000048e-04 1.407592166927416433e-04 1.668100537200059119e-04
1.000000000000000048e-04 1.407592166927416433e-04 2.782559402207125773e-04
1.000000000000000048e-04 1.407592166927416433e-04 4.641588833612777317e-04
1.000000000000000048e-04 1.407592166927416433e-04 7.742636826811269846e-04
1.000000000000000048e-04 1.407592166927416433e-04 1.291549665014883998e-03
1.000000000000000048e-04 1.407592166927416433e-04 2.154434690031882104e-03
1.000000000000000048e-04 1.407592166927416433e-04 3.593813663804625805e-03
1.000000000000000048e-04 1.407592166927416433e-04 5.994842503189408769e-03
1.000000000000000048e-04 1.407592166927416433e-04 1.000000000000000021e-02
1.000000000000000048e-04 1.714603512659955810e-04 1.000000000000000048e-04
1.000000000000000048e-04 1.714603512659955810e-04 1.668100537200059119e-04
1.000000000000000048e-04 1.714603512659955810e-04 2.782559402207125773e-04
1.000000000000000048e-04 1.714603512659955810e-04 4.641588833612777317e-04
1.000000000000000048e-04 1.714603512659955810e-04 7.742636826811269846e-04
1.000000000000000048e-04 1.714603512659955810e-04 1.291549665014883998e-03
1.000000000000000048e-04 1.714603512659955810e-04 2.154434690031882104e-03
1.000000000000000048e-04 1.714603512659955810e-04 3.593813663804625805e-03
1.000000000000000048e-04 1.714603512659955810e-04 5.994842503189408769e-03
1.000000000000000048e-04 1.714603512659955810e-04 1.000000000000000021e-02
1.000000000000000048e-04 2.021614858392494103e-04 1.000000000000000048e-04
1.000000000000000048e-04 2.021614858392494103e-04 1.668100537200059119e-04
1.000000000000000048e-04 2.021614858392494103e-04 2.782559402207125773e-04
1.000000000000000048e-04 2.021614858392494103e-04 4.641588833612777317e-04
1.000000000000000048e-04 2.021614858392494103e-04 7.742636826811269846e-04
1.000000000000000048e-04 2.021614858392494103e-04 1.291549665014883998e-03
1.000000000000000048e-04 2.021614858392494103e-04 2.154434690031882104e-03
1.000000000000000048e-04 2.021614858392494103e-04 3.593813663804625805e-03
1.000000000000000048e-04 2.021614858392494103e-04 5.994842503189408769e-03
1.000000000000000048e-04 2.021614858392494103e-04 1.000000000000000021e-02
1.000000000000000048e-04 2.328626204125033752e-04 1.000000000000000048e-04
1.000000000000000048e-04 2.328626204125033752e-04 1.668100537200059119e-04
1.000000000000000048e-04 2.328626204125033752e-04 2.782559402207125773e-04
1.000000000000000048e-04 2.328626204125033752e-04 4.641588833612777317e-04
1.000000000000000048e-04 2.328626204125033752e-04 7.742636826811269846e-04
1.000000000000000048e-04 2.328626204125033752e-04 1.291549665014883998e-03
1.000000000000000048e-04 2.328626204125033752e-04 2.154434690031882104e-03
1.000000000000000048e-04 2.328626204125033752e-04 3.593813663804625805e-03
1.000000000000000048e-04 2.328626204125033752e-04 5.994842503189408769e-03
1.000000000000000048e-04 2.328626204125033752e-04 1.000000000000000021e-02
1.000000000000000048e-04 2.635637549857573671e-04 1.000000000000000048e-04
1.000000000000000048e-04 2.635637549857573671e-04 1.668100537200059119e-04
1.000000000000000048e-04 2.635637549857573671e-04 2.782559402207125773e-04
1.000000000000000048e-04 2.635637549857573671e-04 4.641588833612777317e-04
1.000000000000000048e-04 2.635637549857573671e-04 7.742636826811269846e-04
1.000000000000000048e-04 2.635637549857573671e-04 1.291549665014883998e-03
1.000000000000000048e-04 2.635637549857573671e-04 2.154434690031882104e-03
1.000000000000000048e-04 2.635637549857573671e-04 3.593813663804625805e-03
1.000000000000000048e-04 2.635637549857573671e-04 5.994842503189408769e-03
1.000000000000000048e-04 2.635637549857573671e-04 1.000000000000000021e-02
1.000000000000000048e-04 2.942648895590113320e-04 1.000000000000000048e-04
1.000000000000000048e-04 2.942648895590113320e-04 1.668100537200059119e-04
1.000000000000000048e-04 2.942648895590113320e-04 2.782559402207125773e-04
1.000000000000000048e-04 2.942648895590113320e-04 4.641588833612777317e-04
1.000000000000000048e-04 2.942648895590113320e-04 7.742636826811269846e-04
1.000000000000000048e-04 2.942648895590113320e-04 1.291549665014883998e-03
1.000000000000000048e-04 2.942648895590113320e-04 2.154434690031882104e-03
1.000000000000000048e-04 2.942648895590113320e-04 3.593813663804625805e-03
1.000000000000000048e-04 2.942648895590113320e-04 5.994842503189408769e-03
1.000000000000000048e-04 2.942648895590113320e-04 1.000000000000000021e-02
1.000000000000000048e-04 3.249660241322652426e-04 1.000000000000000048e-04
1.000000000000000048e-04 3.249660241322652426e-04 1.668100537200059119e-04
1.000000000000000048e-04 3.249660241322652426e-04 2.782559402207125773e-04
1.000000000000000048e-04 3.249660241322652426e-04 4.641588833612777317e-04
1.000000000000000048e-04 3.249660241322652426e-04 7.742636826811269846e-04
1.000000000000000048e-04 3.249660241322652426e-04 1.291549665014883998e-03
1.000000000000000048e-04 3.249660241322652426e-04 2.154434690031882104e-03
1.000000000000000048e-04 3.249660241322652426e-04 3.593813663804625805e-03
1.000000000000000048e-04 3.249660241322652426e-04 5.994842503189408769e-03
1.000000000000000048e-04 3.249660241322652426e-04 1.000000000000000021e-02
2.154434690031882321e-04 1.048257713406908637e-04 1.000000000000000048e-04
2.154434690031882321e-04 1.048257713406908637e-04 1.668100537200059119e-04
2.154434690031882321e-04 1.048257713406908637e-04 2.782559402207125773e-04
2.154434690031882321e-04 1.048257713406908637e-04 4.641588833612777317e-04
2.154434690031882321e-04 1.048257713406908637e-04 7.742636826811269846e-04
2.154434690031882321e-04 1.048257713406908637e-04 1.291549665014883998e-03
2.154434690031882321e-04 1.048257713406908637e-04 2.154434690031882104e-03
2.154434690031882321e-04 1.048257713406908637e-04 3.593813663804625805e-03
2.154434690031882321e-04 1.048257713406908637e-04 5.994842503189408769e-03
2.154434690031882321e-04 1.048257713406908637e-04 1.000000000000000021e-02
2.154434690031882321e-04 1.709693606886463857e-04 1.000000000000000048e-04
2.154434690031882321e-04 1.709693606886463857e-04 1.668100537200059119e-04
2.154434690031882321e-04 1.709693606886463857e-04 2.782559402207125773e-04
2.154434690031882321e-04 1.709693606886463857e-04 4.641588833612777317e-04
2.154434690031882321e-04 1.709693606886463857e-04 7.742636826811269846e-04
2.154434690031882321e-04 1.709693606886463857e-04 1.291549665014883998e-03
2.154434690031882321e-04 1.709693606886463857e-04 2.154434690031882104e-03
2.154434690031882321e-04 1.709693606886463857e-04 3.593813663804625805e-03
2.154434690031882321e-04 1.709693606886463857e-04 5.994842503189408769e-03
2.154434690031882321e-04 1.709693606886463857e-04 1.000000000000000021e-02
2.154434690031882321e-04 2.371129500366018670e-04 1.000000000000000048e-04
2.154434690031882321e-04 2.371129500366018670e-04 1.668100537200059119e-04
2.154434690031882321e-04 2.371129500366018670e-04 2.782559402207125773e-04
2.154434690031882321e-04 2.371129500366018670e-04 4.641588833612777317e-04
2.154434690031882321e-04 2.371129500366018670e-04 7.742636826811269846e-04
2.154434690031882321e-04 2.371129500366018670e-04 1.291549665014883998e-03
2.154434690031882321e-04 2.371129500366018670e-04 2.154434690031882104e-03
2.154434690031882321e-04 2.371129500366018670e-04 3.593813663804625805e-03
2.154434690031882321e-04 2.371129500366018670e-04 5.994842503189408769e-03
2.154434690031882321e-04 2.371129500366018670e-04 1.000000000000000021e-02
2.154434690031882321e-04 3.032565393845573754e-04 1.000000000000000048e-04
2.154434690031882321e-04 3.032565393845573754e-04 1.668100537200059119e-04
2.154434690031882321e-04 3.032565393845573754e-04 2.782559402207125773e-04
2.154434690031882321e-04 3.032565393845573754e-04 4.641588833612777317e-04
2.154434690031882321e-04 3.032565393845573754e-04 7.742636826811269846e-04
2.154434690031882321e-04 3.032565393845573754e-04 1.291549665014883998e-03
2.154434690031882321e-04 3.032565393845573754e-04 2.154434690031882104e-03
2.154434690031882321e-04 3.032565393845573754e-04 3.593813663804625805e-03
2.154434690031882321e-04 3.032565393845573754e-04 5.994842503189408769e-03
2.154434690031882321e-04 3.032565393845573754e-04 1.000000000000000021e-02
2.154434690031882321e-04 3.694001287325128567e-04 1.000000000000000048e-04
2.154434690031882321e-04 3.694001287325128567e-04 1.668100537200059119e-04
2.154434690031882321e-04 3.694001287325128567e-04 2.782559402207125773e-04
2.154434690031882321e-04 3.694001287325128567e-04 4.641588833612777317e-04
2.154434690031882321e-04 3.694001287325128567e-04 7.742636826811269846e-04
2.154434690031882321e-04 3.694001287325128567e-04 1.291549665014883998e-03
2.154434690031882321e-04 3.694001287325128567e-04 2.154434690031882104e-03
2.154434690031882321e-04 3.694001287325128567e-04 3.593813663804625805e-03
2.154434690031882321e-04 3.694001287325128567e-04 5.994842503189408769e-03
2.154434690031882321e-04 3.694001287325128567e-04 1.000000000000000021e-02
2.154434690031882321e-04 4.355437180804680669e-04 1.000000000000000048e-04
2.154434690031882321e-04 4.355437180804680669e-04 1.668100537200059119e-04
2.154434690031882321e-04 4.355437180804680669e-04 2.782559402207125773e-04
2.154434690031882321e-04 4.355437180804680669e-04 4.641588833612777317e-04
2.154434690031882321e-04 4.355437180804680669e-04 7.742636826811269846e-04
2.154434690031882321e-04 4.355437180804680669e-04 1.291549665014883998e-03
2.154434690031882321e-04 4.355437180804680669e-04 2.154434690031882104e-03
2.154434690031882321e-04 4.355437180804680669e-04 3.593813663804625805e-03
2.154434690031882321e-04 4.355437180804680669e-04 5.994842503189408769e-03
2.154434690031882321e-04 4.355437180804680669e-04 1.000000000000000021e-02
2.154434690031882321e-04 5.016873074284235482e-04 1.000000000000000048e-04
2.154434690031882321e-04 5.016873074284235482e-04 1.668100537200059119e-04
2.154434690031882321e-04 5.016873074284235482e-04 2.782559402207125773e-04
2.154434690031882321e-04 5.016873074284235482e-04 4.641588833612777317e-04
2.154434690031882321e-04 5.016873074284235482e-04 7.742636826811269846e-04
2.154434690031882321e-04 5.016873074284235482e-04 1.291549665014883998e-03
2.154434690031882321e-04 5.016873074284235482e-04 2.154434690031882104e-03
2.154434690031882321e-04 5.016873074284235482e-04 3.593813663804625805e-03
2.154434690031882321e-04 5.016873074284235482e-04 5.994842503189408769e-03
2.154434690031882321e-04 5.016873074284235482e-04 1.000000000000000021e-02
2.154434690031882321e-04 5.678308967763790295e-04 1.000000000000000048e-04
2.154434690031882321e-04 5.678308967763790295e-04 1.668100537200059119e-04
2.154434690031882321e-04 5.678308967763790295e-04 2.782559402207125773e-04
2.154434690031882321e-04 5.678308967763790295e-04 4.641588833612777317e-04
2.154434690031882321e-04 5.678308967763790295e-04 7.742636826811269846e-04
2.154434690031882321e-04 5.678308967763790295e-04 1.291549665014883998e-03
2.154434690031882321e-04 5.678308967763790295e-04 2.154434690031882104e-03
2.154434690031882321e-04 5.678308967763790295e-04 3.593813663804625805e-03
2.154434690031882321e-04 5.678308967763790295e-04 5.994842503189408769e-03
2.154434690031882321e-04 5.678308967763790295e-04 1.000000000000000021e-02
2.154434690031882321e-04 6.339744861243346193e-04 1.000000000000000048e-04
2.154434690031882321e-04 6.339744861243346193e-04 1.668100537200059119e-04
2.154434690031882321e-04 6.339744861243346193e-04 2.782559402207125773e-04
2.154434690031882321e-04 6.339744861243346193e-04 4.641588833612777317e-04
2.154434690031882321e-04 6.339744861243346193e-04 7.742636826811269846e-04
2.154434690031882321e-04 6.339744861243346193e-04 1.291549665014883998e-03
2.154434690031882321e-04 6.339744861243346193e-04 2.154434690031882104e-03
2.154434690031882321e-04 6.339744861243346193e-04 3.593813663804625805e-03
2.154434690031882321e-04 6.339744861243346193e-04 5.994842503189408769e-03
2.154434690031882321e-04 6.339744861243346193e-04 1.000000000000000021e-02
2.154434690031882321e-04 7.001180754722901006e-04 1.000000000000000048e-04
2.154434690031882321e-04 7.001180754722901006e-04 1.668100537200059119e-04
2.154434690031882321e-04 7.001180754722901006e-04 2.782559402207125773e-04
2.154434690031882321e-04 7.001180754722901006e-04 4.641588833612777317e-04
2.154434690031882321e-04 7.001180754722901006e-04 7.742636826811269846e-04
2.154434690031882321e-04 7.001180754722901006e-04 1.291549665014883998e-03
2.154434690031882321e-04 7.001180754722901006e-04 2.154434690031882104e-03
2.154434690031882321e-04 7.001180754722901006e-04 3.593813663804625805e-03
2.154434690031882321e-04 7.001180754722901006e-04 5.994842503189408769e-03
2.154434690031882321e-04 7.001180754722901006e-04 1.000000000000000021e-02
4.641588833612777317e-04 2.258402781857345046e-04 1.000000000000000048e-04
4.641588833612777317e-04 2.258402781857345046e-04 1.668100537200059119e-04
4.641588833612777317e-04 2.258402781857345046e-04 2.782559402207125773e-04
4.641588833612777317e-04 2.258402781857345046e-04 4.641588833612777317e-04
4.641588833612777317e-04 2.258402781857345046e-04 7.742636826811269846e-04
4.641588833612777317e-04 2.258402781857345046e-04 1.291549665014883998e-03
4.641588833612777317e-04 2.258402781857345046e-04 2.154434690031882104e-03
4.641588833612777317e-04 2.258402781857345046e-04 3.593813663804625805e-03
4.641588833612777317e-04 2.258402781857345046e-04 5.994842503189408769e-03
4.641588833612777317e-04 2.258402781857345046e-04 1.000000000000000021e-02
4.641588833612777317e-04 3.683423216001933259e-04 1.000000000000000048e-04
4.641588833612777317e-04 3.683423216001933259e-04 1.668100537200059119e-04
4.641588833612777317e-04 3.683423216001933259e-04 2.782559402207125773e-04
4.641588833612777317e-04 3.683423216001933259e-04 4.641588833612777317e-04
4.641588833612777317e-04 3.683423216001933259e-04 7.742636826811269846e-04
4.641588833612777317e-04 3.683423216001933259e-04 1.291549665014883998e-03
4.641588833612777317e-04 3.683423216001933259e-04 2.154434690031882104e-03
4.641588833612777317e-04 3.683423216001933259e-04 3.593813663804625805e-03
4.641588833612777317e-04 3.683423216001933259e-04 5.994842503189408769e-03
4.641588833612777317e-04 3.683423216001933259e-04 1.000000000000000021e-02
4.641588833612777317e-04 5.108443650146520659e-04 1.000000000000000048e-04
4.641588833612777317e-04 5.108443650146520659e-04 1.668100537200059119e-04
4.641588833612777317e-04 5.108443650146520659e-04 2.782559402207125773e-04
4.641588833612777317e-04 5.108443650146520659e-04 4.641588833612777317e-04
4.641588833612777317e-04 5.108443650146520659e-04 7.742636826811269846e-04
4.641588833612777317e-04 5.108443650146520659e-04 1.291549665014883998e-03
4.641588833612777317e-04 5.108443650146520659e-04 2.154434690031882104e-03
4.641588833612777317e-04 5.108443650146520659e-04 3.593813663804625805e-03
4.641588833612777317e-04 5.108443650146520659e-04 5.994842503189408769e-03
4.641588833612777317e-04 5.108443650146520659e-04 1.000000000000000021e-02
4.641588833612777317e-04 6.533464084291109144e-04 1.000000000000000048e-04
4.641588833612777317e-04 6.533464084291109144e-04 1.668100537200059119e-04
4.641588833612777317e-04 6.533464084291109144e-04 2.782559402207125773e-04
4.641588833612777317e-04 6.533464084291109144e-04 4.641588833612777317e-04
4.641588833612777317e-04 6.533464084291109144e-04 7.742636826811269846e-04
4.641588833612777317e-04 6.533464084291109144e-04 1.291549665014883998e-03
4.641588833612777317e-04 6.533464084291109144e-04 2.154434690031882104e-03
4.641588833612777317e-04 6.533464084291109144e-04 3.593813663804625805e-03
4.641588833612777317e-04 6.533464084291109144e-04 5.994842503189408769e-03
4.641588833612777317e-04 6.533464084291109144e-04 1.000000000000000021e-02
4.641588833612777317e-04 7.958484518435695459e-04 1.000000000000000048e-04
4.641588833612777317e-04 7.958484518435695459e-04 1.668100537200059119e-04
4.641588833612777317e-04 7.958484518435695459e-04 2.782559402207125773e-04
4.641588833612777317e-04 7.958484518435695459e-04 4.641588833612777317e-04
4.641588833612777317e-04 7.958484518435695459e-04 7.742636826811269846e-04
4.641588833612777317e-04 7.958484518435695459e-04 1.291549665014883998e-03
4.641588833612777317e-04 7.958484518435695459e-04 2.154434690031882104e-03
4.641588833612777317e-04 7.958484518435695459e-04 3.593813663804625805e-03
4.641588833612777317e-04 7.958484518435695459e-04 5.994842503189408769e-03
4.641588833612777317e-04 7.958484518435695459e-04 1.000000000000000021e-02
4.641588833612777317e-04 9.383504952580277439e-04 1.000000000000000048e-04
4.641588833612777317e-04 9.383504952580277439e-04 1.668100537200059119e-04
4.641588833612777317e-04 9.383504952580277439e-04 2.782559402207125773e-04
4.641588833612777317e-04 9.383504952580277439e-04 4.641588833612777317e-04
4.641588833612777317e-04 9.383504952580277439e-04 7.742636826811269846e-04
4.641588833612777317e-04 9.383504952580277439e-04 1.291549665014883998e-03
4.641588833612777317e-04 9.383504952580277439e-04 2.154434690031882104e-03
4.641588833612777317e-04 9.383504952580277439e-04 3.593813663804625805e-03
4.641588833612777317e-04 9.383504952580277439e-04 5.994842503189408769e-03
4.641588833612777317e-04 9.383504952580277439e-04 1.000000000000000021e-02
4.641588833612777317e-04 1.080852538672486375e-03 1.000000000000000048e-04
4.641588833612777317e-04 1.080852538672486375e-03 1.668100537200059119e-04
4.641588833612777317e-04 1.080852538672486375e-03 2.782559402207125773e-04
4.641588833612777317e-04 1.080852538672486375e-03 4.641588833612777317e-04
4.641588833612777317e-04 1.080852538672486375e-03 7.742636826811269846e-04
4.641588833612777317e-04 1.080852538672486375e-03 1.291549665014883998e-03
4.641588833612777317e-04 1.080852538672486375e-03 2.154434690031882104e-03
4.641588833612777317e-04 1.080852538672486375e-03 3.593813663804625805e-03
4.641588833612777317e-04 1.080852538672486375e-03 5.994842503189408769e-03
4.641588833612777317e-04 1.080852538672486375e-03 1.000000000000000021e-02
4.641588833612777317e-04 1.223354582086945332e-03 1.000000000000000048e-04
4.641588833612777317e-04 1.223354582086945332e-03 1.668100537200059119e-04
4.641588833612777317e-04 1.223354582086945332e-03 2.782559402207125773e-04
4.641588833612777317e-04 1.223354582086945332e-03 4.641588833612777317e-04
4.641588833612777317e-04 1.223354582086945332e-03 7.742636826811269846e-04
4.641588833612777317e-04 1.223354582086945332e-03 1.291549665014883998e-03
4.641588833612777317e-04 1.223354582086945332e-03 2.154434690031882104e-03
4.641588833612777317e-04 1.223354582086945332e-03 3.593813663804625805e-03
4.641588833612777317e-04 1.223354582086945332e-03 5.994842503189408769e-03
4.641588833612777317e-04 1.223354582086945332e-03 1.000000000000000021e-02
4.641588833612777317e-04 1.365856625501404072e-03 1.000000000000000048e-04
4.641588833612777317e-04 1.365856625501404072e-03 1.668100537200059119e-04
4.641588833612777317e-04 1.365856625501404072e-03 2.782559402207125773e-04
4.641588833612777317e-04 1.365856625501404072e-03 4.641588833612777317e-04
4.641588833612777317e-04 1.365856625501404072e-03 7.742636826811269846e-04
4.641588833612777317e-04 1.365856625501404072e-03 1.291549665014883998e-03
4.641588833612777317e-04 1.365856625501404072e-03 2.154434690031882104e-03
4.641588833612777317e-04 1.365856625501404072e-03 3.593813663804625805e-03
4.641588833612777317e-04 1.365856625501404072e-03 5.994842503189408769e-03
4.641588833612777317e-04 1.365856625501404072e-03 1.000000000000000021e-02
4.641588833612777317e-04 1.508358668915862812e-03 1.000000000000000048e-04
4.641588833612777317e-04 1.508358668915862812e-03 1.668100537200059119e-04
4.641588833612777317e-04 1.508358668915862812e-03 2.782559402207125773e-04
4.641588833612777317e-04 1.508358668915862812e-03 4.641588833612777317e-04
4.641588833612777317e-04 1.508358668915862812e-03 7.742636826811269846e-04
4.641588833612777317e-04 1.508358668915862812e-03 1.291549665014883998e-03
4.641588833612777317e-04 1.508358668915862812e-03 2.154434690031882104e-03
4.641588833612777317e-04 1.508358668915862812e-03 3.593813663804625805e-03
4.641588833612777317e-04 1.508358668915862812e-03 5.994842503189408769e-03
4.641588833612777317e-04 1.508358668915862812e-03 1.000000000000000021e-02
1.000000000000000021e-03 4.865581297297974332e-04 1.000000000000000048e-04
1.000000000000000021e-03 4.865581297297974332e-04 1.668100537200059119e-04
1.000000000000000021e-03 4.865581297297974332e-04 2.782559402207125773e-04
1.000000000000000021e-03 4.865581297297974332e-04 4.641588833612777317e-04
1.000000000000000021e-03 4.865581297297974332e-04 7.742636826811269846e-04
1.000000000000000021e-03 4.865581297297974332e-04 1.291549665014883998e-03
1.000000000000000021e-03 4.865581297297974332e-04 2.154434690031882104e-03
1.000000000000000021e-03 4.865581297297974332e-04 3.593813663804625805e-03
1.000000000000000021e-03 4.865581297297974332e-04 5.994842503189408769e-03
1.000000000000000021e-03 4.865581297297974332e-04 1.000000000000000021e-02
1.000000000000000021e-03 7.935694754623370817e-04 1.000000000000000048e-04
1.000000000000000021e-03 7.935694754623370817e-04 1.668100537200059119e-04
1.000000000000000021e-03 7.935694754623370817e-04 2.782559402207125773e-04
1.000000000000000021e-03 7.935694754623370817e-04 4.641588833612777317e-04
1.000000000000000021e-03 7.935694754623370817e-04 7.742636826811269846e-04
1.000000000000000021e-03 7.935694754623370817e-04 1.291549665014883998e-03
1.000000000000000021e-03 7.935694754623370817e-04 2.154434690031882104e-03
1.000000000000000021e-03 7.935694754623370817e-04 3.593813663804625805e-03
1.000000000000000021e-03 7.935694754623370817e-04 5.994842503189408769e-03
1.000000000000000021e-03 7.935694754623370817e-04 1.000000000000000021e-02
1.000000000000000021e-03 1.100580821194876513e-03 1.000000000000000048e-04
1.000000000000000021e-03 1.100580821194876513e-03 1.668100537200059119e-04
1.000000000000000021e-03 1.100580821194876513e-03 2.782559402207125773e-04
1.000000000000000021e-03 1.100580821194876513e-03 4.641588833612777317e-04
1.000000000000000021e-03 1.100580821194876513e-03 7.742636826811269846e-04
1.000000000000000021e-03 1.100580821194876513e-03 1.291549665014883998e-03
1.000000000000000021e-03 1.100580821194876513e-03 2.154434690031882104e-03
1.000000000000000021e-03 1.100580821194876513e-03 3.593813663804625805e-03
1.000000000000000021e-03 1.100580821194876513e-03 5.994842503189408769e-03
1.000000000000000021e-03 1.100580821194876513e-03 1.000000000000000021e-02
1.000000000000000021e-03 1.407592166927416379e-03 1.000000000000000048e-04
1.000000000000000021e-03 1.407592166927416379e-03 1.668100537200059119e-04
1.000000000000000021e-03 1.407592166927416379e-03 2.782559402207125773e-04
1.000000000000000021e-03 1.407592166927416379e-03 4.641588833612777317e-04
1.000000000000000021e-03 1.407592166927416379e-03 7.742636826811269846e-04
1.000000000000000021e-03 1.407592166927416379e-03 1.291549665014883998e-03
1.000000000000000021e-03 1.407592166927416379e-03 2.154434690031882104e-03
1.000000000000000021e-03 1.407592166927416379e-03 3.593813663804625805e-03
1.000000000000000021e-03 1.407592166927416379e-03 5.994842503189408769e-03
1.000000000000000021e-03 1.407592166927416379e-03 1.000000000000000021e-02
1.000000000000000021e-03 1.714603512659955593e-03 1.000000000000000048e-04
1.000000000000000021e-03 1.714603512659955593e-03 1.668100537200059119e-04
1.000000000000000021e-03 1.714603512659955593e-03 2.782559402207125773e-04
1.000000000000000021e-03 1.714603512659955593e-03 4.641588833612777317e-04
1.000000000000000021e-03 1.714603512659955593e-03 7.742636826811269846e-04
1.000000000000000021e-03 1.714603512659955593e-03 1.291549665014883998e-03
1.000000000000000021e-03 1.714603512659955593e-03 2.154434690031882104e-03
1.000000000000000021e-03 1.714603512659955593e-03 3.593813663804625805e-03
1.000000000000000021e-03 1.714603512659955593e-03 5.994842503189408769e-03
1.000000000000000021e-03 1.714603512659955593e-03 1.000000000000000021e-02
1.000000000000000021e-03 2.021614858392493941e-03 1.000000000000000048e-04
1.000000000000000021e-03 2.021614858392493941e-03 1.668100537200059119e-04
1.000000000000000021e-03 2.021614858392493941e-03 2.782559402207125773e-04
1.000000000000000021e-03 2.021614858392493941e-03 4.641588833612777317e-04
1.000000000000000021e-03 2.021614858392493941e-03 7.742636826811269846e-04
1.000000000000000021e-03 2.021614858392493941e-03 1.291549665014883998e-03
1.000000000000000021e-03 2.021614858392493941e-03 2.154434690031882104e-03
1.000000000000000021e-03 2.021614858392493941e-03 3.593813663804625805e-03
1.000000000000000021e-03 2.021614858392493941e-03 5.994842503189408769e-03
1.000000000000000021e-03 2.021614858392493941e-03 1.000000000000000021e-02
1.000000000000000021e-03 2.328626204125033589e-03 1.000000000000000048e-04
1.000000000000000021e-03 2.328626204125033589e-03 1.668100537200059119e-04
1.000000000000000021e-03 2.328626204125033589e-03 2.782559402207125773e-04
1.000000000000000021e-03 2.328626204125033589e-03 4.641588833612777317e-04
1.000000000000000021e-03 2.328626204125033589e-03 7.742636826811269846e-04
1.000000000000000021e-03 2.328626204125033589e-03 1.291549665014883998e-03
1.000000000000000021e-03 2.328626204125033589e-03 2.154434690031882104e-03
1.000000000000000021e-03 2.328626204125033589e-03 3.593813663804625805e-03
1.000000000000000021e-03 2.328626204125033589e-03 5.994842503189408769e-03
1.000000000000000021e-03 2.328626204125033589e-03 1.000000000000000021e-02
1.000000000000000021e-03 2.635637549857573238e-03 1.000000000000000048e-04
1.000000000000000021e-03 2.635637549857573238e-03 1.668100537200059119e-04
1.000000000000000021e-03 2.635637549857573238e-03 2.782559402207125773e-04
1.000000000000000021e-03 2.635637549857573238e-03 4.641588833612777317e-04
1.000000000000000021e-03 2.635637549857573238e-03 7.742636826811269846e-04
1.000000000000000021e-03 2.635637549857573238e-03 1.291549665014883998e-03
1.000000000000000021e-03 2.635637549857573238e-03 2.154434690031882104e-03
1.000000000000000021e-03 2.635637549857573238e-03 3.593813663804625805e-03
1.000000000000000021e-03 2.635637549857573238e-03 5.994842503189408769e-03
1.000000000000000021e-03 2.635637549857573238e-03 1.000000000000000021e-02
1.000000000000000021e-03 2.942648895590112886e-03 1.000000000000000048e-04
1.000000000000000021e-03 2.942648895590112886e-03 1.668100537200059119e-04
1.000000000000000021e-03 2.942648895590112886e-03 2.782559402207125773e-04
1.000000000000000021e-03 2.942648895590112886e-03 4.641588833612777317e-04
1.000000000000000021e-03 2.942648895590112886e-03 7.742636826811269846e-04
1.000000000000000021e-03 2.942648895590112886e-03 1.291549665014883998e-03
1.000000000000000021e-03 2.942648895590112886e-03 2.154434690031882104e-03
1.000000000000000021e-03 2.942648895590112886e-03 3.593813663804625805e-03
1.000000000000000021e-03 2.942648895590112886e-03 5.994842503189408769e-03
1.000000000000000021e-03 2.942648895590112886e-03 1.000000000000000021e-02
1.000000000000000021e-03 3.249660241322652535e-03 1.000000000000000048e-04
1.000000000000000021e-03 3.249660241322652535e-03 1.668100537200059119e-04
1.000000000000000021e-03 3.249660241322652535e-03 2.782559402207125773e-04
1.000000000000000021e-03 3.249660241322652535e-03 4.641588833612777317e-04
1.000000000000000021e-03 3.249660241322652535e-03 7.742636826811269846e-04
1.000000000000000021e-03 3.249660241322652535e-03 1.291549665014883998e-03
1.000000000000000021e-03 3.249660241322652535e-03 2.154434690031882104e-03
1.000000000000000021e-03 3.249660241322652535e-03 3.593813663804625805e-03
1.000000000000000021e-03 3.249660241322652535e-03 5.994842503189408769e-03
1.000000000000000021e-03 3.249660241322652535e-03 1.000000000000000021e-02
